./cp_nat_res18/res18_natural.pth
nat_acc:	 92.89 %
rob_acc:	 0.0 %
====================================================================================
Natural confusion matrix:
		   0	   1	   2	   3	   4	   5	   6	   7	   8	   9
    --------------------------------------------------------------------------------
 0 |	 951	   3	  12	   6	   1	   0	   3	   1	  18	   5
 1 |	   2	 967	   0	   2	   1	   0	   1	   0	   2	  25
 2 |	  33	   0	 895	  19	  13	  11	  25	   2	   2	   0
 3 |	   8	   1	  23	 847	  12	  67	  28	   3	   5	   6
 4 |	   5	   0	  15	   6	 948	   7	  12	   6	   1	   0
 5 |	   2	   0	  16	  75	  13	 876	   6	   9	   2	   1
 6 |	   3	   1	   9	  14	   8	   1	 962	   1	   0	   1
 7 |	   9	   0	   8	  10	  12	  17	   1	 942	   0	   1
 8 |	  29	   5	   3	   3	   0	   0	   1	   0	 946	  13
 9 |	   8	  22	   2	   4	   0	   0	   0	   0	   9	 955
====================================================================================
Robust  confusion matrix:
		   0	   1	   2	   3	   4	   5	   6	   7	   8	   9
    --------------------------------------------------------------------------------
 0 |	   0	  25	 370	  64	  58	   8	 103	   6	 296	  70
 1 |	  47	   0	  44	  27	   6	   8	  85	  14	 130	 639
 2 |	 119	   4	   0	 164	 197	 125	 301	  24	  39	  27
 3 |	  21	   3	 179	   0	 113	 247	 333	  39	  29	  36
 4 |	  32	   2	 330	 131	   0	 100	 285	  91	  15	  14
 5 |	  11	   2	 210	 453	  63	   0	 194	  42	  16	   9
 6 |	  20	  12	 400	 271	 179	  60	   0	  16	  25	  17
 7 |	  33	   3	 188	 116	 322	 208	  84	   0	  12	  34
 8 |	 410	  70	 141	  68	  40	   8	 118	   3	   0	 142
 9 |	  87	 368	 107	  29	  19	  12	  86	  21	 271	   0
====================================================================================

