./cp_nat_res18/res18_cst_5.pth
nat_acc:	 92.15 %
rob_acc:	 0.0 %
====================================================================================
Natural confusion matrix:
		   0	   1	   2	   3	   4	   5	   6	   7	   8	   9
    --------------------------------------------------------------------------------
 0 |	 951	   0	  18	   6	   1	   0	   1	   1	  20	   2
 1 |	   2	 973	   1	   0	   1	   0	   0	   0	   3	  20
 2 |	  30	   1	 900	  14	  14	  10	  22	   4	   4	   1
 3 |	  14	   1	  24	 866	  12	  35	  25	   9	   9	   5
 4 |	   6	   1	  25	  13	 928	   6	  11	   9	   0	   1
 5 |	   7	   0	  21	 136	  12	 803	   5	  13	   3	   0
 6 |	   9	   0	  17	  17	   2	   0	 954	   0	   0	   1
 7 |	   8	   0	  10	   9	  17	  13	   1	 938	   3	   1
 8 |	  28	   6	   1	   1	   0	   0	   1	   0	 958	   5
 9 |	  12	  25	   2	   2	   0	   0	   2	   0	  13	 944
====================================================================================
Robust  confusion matrix:
		   0	   1	   2	   3	   4	   5	   6	   7	   8	   9
    --------------------------------------------------------------------------------
 0 |	   0	  34	 328	  52	  69	  11	  70	   2	 365	  69
 1 |	  60	   0	  37	  22	   8	   5	  75	   8	 144	 641
 2 |	 137	  13	   0	 185	 174	 113	 286	  30	  38	  24
 3 |	  31	  11	 165	   0	 119	 238	 315	  54	  36	  31
 4 |	  27	   1	 329	 177	   0	 121	 240	  71	  21	  13
 5 |	  19	   2	 209	 478	  57	   0	 175	  28	  14	  18
 6 |	  28	   5	 443	 246	 141	  68	   0	  12	  20	  37
 7 |	  55	   7	 181	 147	 275	 206	  81	   0	  17	  31
 8 |	 452	  84	 131	  74	  27	   9	  98	   4	   0	 121
 9 |	 109	 413	  63	  30	   6	  15	  61	  27	 276	   0
====================================================================================

